0 10011110000
1 010110001011
2 101100100011
3 01011000100
4 0011000001
5 0010
6 1111
7 0000
8 00011
9 10101
10 1000
11 0111
12 110
13 0100
14 10010
15 00111
16 111010
17 101101
18 101000
19 011010
20 010111
21 010100
22 000101
23 1110111
24 1110010
25 1110000
26 1011110
27 1011100
28 1011000
29 1010010
30 1001101
31 0110111
32 0110011
33 0110010
34 0110000
35 0101011
36 0011010
37 0001001
38 11101100
39 11100110
40 10111111
41 10111011
42 10110011
43 10100110
44 10011111
45 10011101
46 10011001
47 01101101
48 01011010
49 01100010
50 01011001
51 01010100
52 00110111
53 00110001
54 00110010
55 00010000
56 111001111
57 111000111
58 111000110
59 111000100
60 101111100
61 101001111
62 101100101
63 100111101
64 100111001
65 100110000
66 011000111
67 011011001
68 010110110
69 010101011
70 010110000
71 001100110
72 001100111
73 000100010
74 1110110111
75 1110110110
76 1110011101
77 1110001011
78 1110001010
79 1011101010
80 1011111010
81 1011101000
82 1010011101
83 1001111001
84 1001100010
85 1001110001
86 0110110000
87 0110001101
88 0101101111
89 0101010101
90 0101010100
91 0011011001
92 0011011010
93 0011000000
94 0001000110
95 11101101000
96 11101101011
97 11101101010
98 10111010111
99 10111010011
100 10110010000
101 10111110111
102 10110010010
103 10100111000
104 10011110001
105 10011000111
106 01101100011
107 01011000111
108 10011100000
109 01100011000
110 01011000110
111 01011011100
112 00110000110
113 00110110110
114 00110110000
115 00110000111
116 00010001111
117 111001110010
118 111001110011
119 111001110000
120 111001110001
121 101100100110
122 101110100101
123 101100100111
124 101001110011
125 100111000011
126 011011000101
127 011000110010
128 001101101110
129 010110111011
130 011000110011
131 001101101111
132 000100011100
133 000100011101
134 1011111011001
135 001100001011
136 1110110100101
137 1001100011001
138 1011101011000
139 1011101001001
140 1011101011011
141 1010011100101
142 1001100011011
143 1001110000101
144 0101100010100
145 0101101110100
146 0011011000101
147 0011000010011
148 10111110110111
149 0011000010000
150 11101101001000
151 10110010001011
152 0011000010100
153 10111010110010
154 10111010110011
155 10111010010001
156 01101100010000
157 10110010001000
158 10011000110101
159 10110010001001
160 00110110001001
161 101111101101011
162 10011100001000
163 10100111001001
164 111011010011001
165 01101100010010
166 111011010010011
167 00110000101010
168 101111101101100
169 101110101101000
170 111011010011010
171 101111101100000
172 111011010011011
173 01011011101011
174 01011000101011
175 101111101101001
176 01011000101010
177 00110000100011
178 00110000101011
179 00110000100100
180 111011010011111
181 101110101101001
182 011011000100111
183 111011010011100
184 00110110001000
185 101111101101101
186 111011010011101
187 101100100010101
188 100110001100000
189 001101100011000
190 101001110010001
191 101110101101010
192 101111101101010
193 100110001100011
194 111011010010010
195 001100001000101
196 100111000010010
197 001101100011111
198 100110001100001
199 100111000010011
200 101111101100001
201 101001110010000
202 010110111010101
203 001100001001010
204 100110001101000
205 101100100010100
206 011011000100010
207 111011010011110
208 001100001001011
209 100110001100010
210 101110100100000
211 011011000100011
212 010110111010100
213 1011101011010111
214 001101100011001
215 1011111011000110
216 0011011000111000
217 1110110100110001
218 001101100011010
219 0011000010001001
220 11101101001100000
221 001101100011011
222 1011101001000011
223 0110110001001100
224 0011011000111001
225 0011011000111010
226 1011101011010110
227 00110110001110110
228 01101100010011010
229 10011000110100111
230 00110110001110111
231 10111110110001110
232 100110001101001101
233 10111110110001111
234 101111101101000111
235 101110100100001010
236 01101100010011011
237 001101100011110110
238 10111110110100000
239 111011010011000010
240 111011010011000011
241 001101100011110111
242 00110000100010000
243 100110001101001100
244 00110000100010001
245 10111110110100001
246 101110100100001011
247 00110110001111000
248 00110110001111001
249 10011000110100100
250 00110110001111010
251 10011000110100101
252 101111101101000110
253 10111110110100010
254 10111010010000100
255 101111101100010
256 1000
257 1000
